-1.1193158710119524
-0.39009018364628034
-0.3398992374593136
0.3497974503839632
-1.5081410706990248
0.7794104812979589
-0.7325978072794408
-1.1590848153718682
-0.5150801380451422
-2.0836410207266773
-0.811981833907737
-1.0612055581620856
-2.416649005068404
-0.12709809517042014
-1.6252238511854042
0.500633831919331
-2.0968190809850262
-1.0345155126006973
-0.9930947119885456
-0.2786140369808726
-1.4144580642512348
-1.0448742931708634
-2.1519832820947675
-2.5716975041469867
-2.2781832631826835
-0.007817486567789356
-1.0336576939992796
2.0237240710261744
1.0046056830958492
1.1108315423268798
-0.09962964389979645
0.6334831416529095
-2.0740695221339345
-2.1176747160357556
-0.10822588888140228
1.078520406040028
-1.8855400631730754
-1.4001285337321108
-2.5325535452769716
-0.3941717784546776
-2.1628446125282883
0.10176810806567038
0.14250189855681428
0.4895417833251562
0.870897902067718
-0.010580468153938316
-0.5233691167679895
1.5008626222534718
0.3799471892035472
-1.0911351257213757
1.0520768811233314
-1.641134636495193
0.25788518681207884
-0.8058117826925912
-0.5414322044155025
0.2266951528039265
0.5136556976386683
-2.051838310033385
0.28756680533048257
-0.30142537875361064
-2.986623194401477
-0.7136019673918228
-2.2295336457108603
-0.5814899349232393
-0.8183459898148673
1.658021540921573
1.5425916387587488
2.42296152322969
1.6090228596790137
1.9300816210555696
0.6368459075712463
0.19629095435200883
0.7127583840718068
-0.1246860756842878
-0.09017375804116318
1.8739248328995426
0.939441497962149
1.6802523751619665
0.18890537202568541
1.1729958558152633
-0.8125216073031082
2.1040110908740433
-0.03888965610541671
0.7921481626697436
-2.682793841753361
-0.7134667259774642
-0.43063063055000805
0.44204537963206836
-3.202253298863058
-0.8306348233452577
-0.6720509658796114
-0.6418243999081523
-0.1429644950728821
-0.7047867926889302
-1.2278984150069285
-1.1106263148482942
-0.6058805128503889
-0.39151851500592993
-1.489708141797017
-1.0327964802902483
-2.436394935836704
-2.559178972130646
-0.8083891188309248
-2.052606537187234
0.020315663441257015
-0.7574767332271525
-0.730743971612605
0.07729245071952245
0.8145520609109059
0.14539972713849758
-1.6810712094665792
-0.6532802898019827
-0.9324376694843188
0.8981144790641449
-1.2354196204425456
0.6296733996013626
-1.4798479290998376
1.628107053336492
1.1648910030411577
1.1480243613882106
1.2996313197439882
0.26073421413747316
-0.05514354197255633
-0.6279211870677607
-1.213959857262707
-0.6956041207965054
0.15067054741763986
-1.308066689918316
0.7003940101980987
0.42602711110061153
1.1570561896625158
-0.005950537931808664
-1.2633387544634922
-0.26038612691436436
-1.3373932867161227
-0.7756837936669627
-0.4879007961443529
-1.3442558824146382
0.2772089964831363
-0.231572039406985
1.544637813204095
-0.8505024851579902
0.09441856213270428
0.46570735148986336
1.0278567405234533
-0.32979695881714244
-1.0522561813462263
-0.8020723783936254
-1.2484464081977453
-1.6501033820934976
-0.6404628113708851
0.0598391621215314
-1.1083450821744
-1.972189133601539
-2.4528254172357364
1.0897933846137193
-2.743504164832266
-0.8624911199234503
-1.104613673307071
1.5259391761327799
1.2065637697831288
-0.11891124206155512
0.09208219951501667
0.39025830729599853
0.34929206376317534
-0.45348144034598087
0.1795062605771785
-0.06748328419352462
1.5703072873748856
0.7670765743412771
0.49120361303395943
0.6116370386361516
-1.1271251368733273
-1.4987841726261362
-2.3888817754334015
-1.0848222628479678
-0.9186253724456475
-0.34960255008476815
-0.5174266042247838
0.9845308231855748
-0.7191622136535081
1.6016845608484351
0.2244392251527293
1.4741614123266873
1.0554401344657964
-0.05192681537764865
-1.7096449460465402
-0.20731845541963062
-1.0522151842242553
-0.08269415321655481
-0.8705425774531198
-2.062795040410349
1.0331223596463681
-1.4932156328607769
-0.28881467598177635
-1.1579281930288796
-0.735535120003842
-0.15168250472525252
-0.7073552621975148
0.6122249396505101
0.7630733277102104
1.4090518153024068
-0.20208310741339014
-1.5220255395593232
0.8488797118575999
-0.8647393566105349
-0.033455605009304445
-0.2312172367703615
-0.45036907082959377
-1.9762086747385426
0.9092540381154455
-1.3624256328524256
0.6631043998607783
-0.648431246707321
-1.3712179512540117
-1.3902328341153316
-0.018331707843109446
-1.0728467864947904
0.8151932933567674
-1.930073777366287
0.8506323401902867
-1.424131013162179
1.0988970628423071
-1.2176733182743602
1.515338242147946
-1.3195572727429643
-0.5557937114304838
0.016943171310944027
0.1250550569611477
-0.8413850277454786
-0.9550184454768011
-2.1513675380629502
-1.884436344027311
-1.0940574557979124
-0.8259720815633997
-0.11004723198562771
0.7119078677251676
0.060897700471674525
-2.180312799907173
-0.23806613735395787
-0.8492823099884113
-0.08444099486664448
-0.3206394172615049
0.2371919591731323
-0.007700657187163201
0.2057273515687258
-0.5271742356753015
-0.8116481615298875
-0.32720477553399696
-0.21491337789398918
0.25251283063416613
0.18451618087092952
-0.06389171986377135
0.5273694459187618
-2.4945702860379386
0.21487576455680568
-2.490343388999345
0.20637132632523433
0.2117432448421689
0.2945886349634746
-0.013917656030042608
0.36847370991525297
0.03370589768070768
0.6914809242901326
-0.10058522004672255
0.5103796704776105
0.7546166120621483
0.3398548463455713
0.03128732542677287
-0.7682065764749246
0.6157921336225475
-0.1453391098850923
-0.887356231153132
-0.14073030662992295
-0.06807644218304643
0.8409606564195469
1.4191741340165973
0.9935901369809876
1.6261381110366673
1.9217160789998113
0.06016041982804676
1.0173162518961751
0.595147682975613
-0.572310232244875
0.14006653024560922
0.07418433524336901
0.3833434919450597
-0.27864063234253084
0.7600366225299854
1.9621709573720847
1.724005977422574
0.36060680247693044
0.8762496581054601
-0.3071154019496104
0.4955575966282848
-0.9219954378699009
-1.6784585145241562
0.3544914324594758
-1.394326148175071
-0.08719590094918324
-1.1858444737472975
1.7574128150630122
0.1092223941958938
0.4796198890577723
-1.2661660621992068
-0.5803229951682589
-1.6307447723837463
0.805162679863705
1.44123709850743
-0.14251353931156535
1.5963712144904445
-2.2758010659723515
-0.1702838394064372
-1.0038779663132595
-2.6647647272142603
-0.056900983073391975
-1.2840482676610423
-1.104977184780348
0.5204073398975031
-0.669558089807213
-1.5392721279154462
0.07925624751739918
-2.2072350228392126
-0.22993725844138424
-1.276568129651113
-0.07918498309744368
1.5486412948356962
1.565575385029048
0.35032273202484077
1.8611211696796868
-0.6049975493564387
-0.3647297412510626
-1.7924703122919174
-3.7264450497831643
-0.2747866776705429
-1.6333507010424952
0.046063669337237656
-1.6192627222330565
-2.451937557544321
-0.5554890071257071
-1.3046875806294138
1.0127213029206565
-0.1696811191757584
0.8256145278181499
-0.8873323566024697
0.9827943162048529
0.8079886636954321
-0.9838914446005347
0.6758673606654513
-1.0394280202282733
-2.0940395774318405
0.5104008741292768
-1.3691489685097338
1.8725868928357718
0.3610582721045303
1.3840193776570797
0.8003836694658197
0.6271161286075613
-0.5544869804836823
2.066063642723082
0.9414347289578914
0.6678953380788903
0.12063781839231591
-0.6477069028825582
-2.1457465289263613
0.08796020516037018
-0.5222142446038468
0.7124073538062223
-0.0547952816905809
0.4988150556817784
-0.4827592040864982
0.855460477180394
-0.2584670134229999
0.3125390845678654
0.027965266662896143
0.937440230489842
0.6936628641319638
-0.49580447478695916
0.9146112510925174
0.03330569097665706
-0.13831251309902803
0.878465710961231
0.3537320329074862
0.40228467612519175
-1.4863676298491348
0.9863534651957411
-1.514442296748624
-0.12137603540769157
-0.8158528944761212
1.9744448980085043
-0.8770474518704334
0.5323045658369564
1.0531605766917014
2.5392586079211217
0.5452588129363088
0.8864390058592165
-0.8049280378582955
0.8987214547534432
0.03333651409249888
1.738167705657377
-0.9949633213895208
0.9758332790591949
-2.566961935465317
2.233673856780591
-0.07007505204006359
-0.05282956039781439
0.7488647254564981
-0.797426373720798
0.6649651030441146
0.9141154149922777
1.582866105182278
1.1293148442838241
1.4763118904213162
0.42716371323644664
0.9171287328093692
-1.1442552716802794
-0.39768271183805126
0.4269891811983151
0.3251052255948299
1.0261540913795524
-1.4322537670208335
0.05169178427586443
-2.4238624920137575
1.2852975450222175
-0.3370088684233473
1.0105755230259925
-0.6395931679843088
-0.3947018051131702
0.10429353636989525
0.4726905823888403
0.19486430511365166
-0.7051101912220397
-0.9301412041896953
-0.1844415374582503
-1.2836278456343417
-0.20635068734007636
0.6611645564090167
0.14581888810097887
-0.21882055531632855
-0.8278216167965876
0.12395267523862014
-0.3505768017046592
0.014217867261345073
-2.6422927093674833
-0.6675724924615092
-1.073701472428032
-0.3043566451980185
0.9726201995807828
0.04756291482599877
1.6404949888647422
0.3316354265818334
0.6452816174177052
-0.3384563627421582
1.30120050366761
-0.7065622526654235
2.1881966108875552
0.5702066559564383
-0.22989191364205597
-0.29920765875394284
-2.3707813027967024
-1.2071416786069595
-0.6877211082720687
-0.23205554773155157
1.259642244338453
0.4947445670980813
1.17337411083213
0.935672095626497
1.2105259160236361
-0.6229134654814406
-0.24536041858400548
-1.156281813029942
-0.18321867127070723
0.28801439930918354
0.8886319936474262
-0.2612046291279642
-0.2161820868395707
-0.4398496700468831
-1.4177804798671676
-0.13374237933013372
1.0723856815520285
-0.7254598615634659
0.8477679244701619
1.1676391520014107
0.29123775360260956
0.06625310176886867
-0.08365825470005026
-2.1566678553298417
-2.8354540431052655
-1.0811769418735304
-2.5111020331513316
0.6682877975803347
-1.7936369525830833
0.0979398204497669
-0.5035313333037196
1.8317203321839313
1.994426706469089
0.5199646259270123
1.0037379536406072
-0.8279921065657574
0.3366353815610031
-1.0920562375342957
0.768814127483985
0.2806859071287004
-0.994346581681028
-0.8533343614510003
-0.639182006269404
0.3316770667425243
-0.03692851326002969
-2.487079101190597
-0.8888903219233533
-1.925085958215224
-0.0801734630277865
-0.785780127863663
1.3611187692107576
-0.03905989172681981
0.47125978849293215
1.1440794093993105
0.17614587104518756
1.8493129406120798
-0.1342031306749284
1.65138849484458
-0.4254857181639454
1.6672584757507518
0.0987374371366142
0.0523804402028496
-0.10766565285051943
1.151664055667504
1.925798047472856
-0.6849770261582083
1.5041144963302984
0.6435141947057198
0.40823850020662816
1.1613265578396526
-0.26199190166865405
0.7267928087263082
1.058516135514186
-0.13621115430766673
0.5841535286919127
0.49658910636560843
0.31607665490336395
-0.07945389516861939
-0.015882152381499398
-0.06532481031999289
0.20295027623594852
-0.7573576544587639
-2.7850963507792934
-0.9391765666932845
-0.9925661199308725
0.6025007213823583
-1.5891740998667747
0.06180272541537103
0.08437479635447565
-1.3239338781537344
0.19382605878185913
-1.9717628433547807
0.060030618896486046
-1.2556078191481086
1.6613154653748752
-0.9104536991182585
2.2162446307794017
-0.6536540827147765
1.4416998573770785
-1.6063395927359005
0.22692666473834686
0.2983956419015362
0.5179188091448681
-1.3116478657825354
-2.1058635543710658
-0.7042746188207727
-0.3766507090648916
-0.20086624221757796
0.0589604549536025
0.43782408530632766
-1.9153669492957524
0.9777600593070495
-0.33892572430008927
1.4932774457014921
-0.47549935183421044
-0.44750897475634754
1.558065454019441
0.840828767687261
0.3828711676933963
0.4000071872567798
-1.2011206221283155
0.840335331595154
-0.5861575132486837
-0.647177256141997
0.04045319827304389
-0.16534373201158342
0.3639205098034942
1.1102958534229075
0.5398871436919748
1.4515080360011836
0.05472300596825169
1.1723375557545386
0.11244080940156762
-0.02468723920823246
-1.9981406802392632
-0.45912326772895673
-2.558205376097904
-0.5622346348709666
-1.8118467467637047
-0.7635953311993597
-0.20707900256706702
-1.0094954713410245
1.6940796399155635
-0.6523850996845456
0.5268949839113792
1.8547758026415568
0.7414134872191093
0.30112913291511345
1.6108764791673795
1.3005124157106138
1.6608086506212763
0.9372294750561896
1.653827931703783
2.9263198549979412
0.4296167685698865
2.367006700977261
0.3006861375958074
0.04841990423808362
-3.014849033731329
0.44397746685207407
-1.357528822159677
0.47038571701206616
-1.9863253364372078
-0.11748308577188078
-1.9015176568554106
-0.4005512822977041
-1.1328684589570726
1.05335050229567
0.07824573172581961
0.047160169206941494
0.13419503232329347
-0.4412282011848646
0.6451453648489371
0.5041363554557561
1.5304241615917231
1.8757015927317242
0.30868296355638103
0.8017108271099268
-0.23715067745473997
1.6207572387264886
1.5523641860308417
1.394353354278356
-0.30482737265094906
0.9083974581279721
-0.19491905805656667
0.8809278977247719
-0.6390556764922646
1.290192831344631
1.169004396869598
1.1577683232061917
0.8805913646657568
-0.5682916812838142
-1.1525905282533055
1.0273864929516319
-0.184096525932585
0.5015428415206584
-0.6963930862786623
-1.6170522067374709
0.03745561738730091
-1.657149967200586
1.167203314827475
-1.0624813885041866
-0.12488505850412496
-0.9576878956584213
0.5334560039358018
0.6789813739274406
-0.2915456398049884
1.6312933494414477
1.061260257284674
1.1457329991917478
-1.55800005404401
-0.8674470848458804
-0.6580664398521406
1.1823143223693404
-1.4388812222936873
0.654455693986731
0.5782421390271647
-0.9176297688893054
0.560214007852732
-0.7409533069248205
0.7254762579535848
-0.5445175036822782
-0.22170096544336812
-0.554234138278675
0.8249886405047466
-0.5743461066036777
-0.8790086258760903
-1.2318800565445978
1.2799309943325223
-0.02633588734011305
1.1492719050037699
-2.6398741533880363
-0.26285694116198394
-0.27484816115655786
-0.09204309027850122
-0.009977155109476735
-1.1933211438979043
-1.6968712591276471
0.8040318501958323
-0.32166671776279476
-2.138378241389115
-0.5281656931783305
-0.8693398998012389
-1.6390792706109245
-2.0983845072218124
-0.4518532521555128
0.3995983092467288
0.5203887123515083
-0.25619403941090646
0.4723882788689579
-0.851360131903385
-0.8989423478253734
-0.9600187293350102
-0.9411996099432982
1.3307460998102172
1.1363729048753033
0.18631117916849954
0.14130991842333496
0.38655057829075545
0.5995450288057678
-1.6140884575814693
-0.7938023790223494
0.4531848422177879
-0.07995646372548637
1.1450757273991523
-1.3695767946546307
-0.05496935730395103
-0.20365707910136077
0.8561454415855537
-1.171267311631796
0.03358608207035538
-1.1471315635727524
0.8518738213723979
0.12756775297930462
0.3034798739411877
-0.053945954626268125
0.31417698245302417
0.4718028287535063
0.4105808908631781
-0.8958807359559627
-0.5045876589950377
0.023794530890983656
-0.058133607252349784
0.0538973119583534
-0.1844315880891414
0.37081124350547967
0.46207357663523746
0.6648338313800272
0.46112816101405696
-0.3414491930353319
1.936539443228172
-0.17159423688753522
2.802494996065694
-0.3653461113721604
0.5032957713863524
-0.5319252933756465
1.721634725483893
-1.512311199892049
-0.514052191512065
-1.664759910286238
0.44790053367667637
0.6043469862976137
0.1196797785256572
-0.3374187675702488
-1.2684847303493083
-2.0766211220269235
-1.466443016766878
-0.5119872941980999
-2.34352846417821
-0.6713333555228211
-1.4234383777930895
-0.8254207477846317
0.8837946335677596
0.19468158206620342
-1.5552831404440968
-1.203887646647583
0.041960098120920386
0.1011898905501466
-0.2697425729955082
0.3846577592527193
1.8408470285470588
1.2948385516092822
0.20745201684939008
2.7713951421270666
0.7286909529992559
1.0983647420387903
0.38302777577150693
-0.910813255557118
-0.21858108029087092
-1.4678570855172197
-1.3534873559935643
-0.4086359386941859
0.1317844425099789
0.130060604155895
-1.855223499349083
0.15618075424714528
0.2840920891392156
0.737180660311156
-0.43344121677113695
0.6800838139855556
-0.0737568018760088
-0.4990962339110874
1.1994749073625066
-0.14201310042772589
0.3528560716978146
-0.5169744541943218
1.4869778817802097
0.5140082796107175
0.2793092370604092
0.997232516129809
0.4781020353292035
1.399638780078463
2.2179758486015326
1.773879016379066
0.1634746510320284
-0.43786767998839304
-0.7820180986302898
0.32479061741369575
0.9163845336502723
0.354402114272491
-0.9456844532074522
-0.23754576273815348
-1.1167040139272657
0.5495681805895051
1.3052046948216105
1.6171126265751687
-0.1199492819893534
1.2735706854973448
1.1030527579819014
2.690802065029524
-0.21720970470832557
1.432457269853875
0.6792417081346537
-0.43250555822631687
3.163225040929921
1.036359847487923
1.534016640875131
1.0925041080402975
0.3526185335583532
-0.09636120919401459
0.38967578623682697
-0.840217722282605
2.434448728187611
0.9309818399724559
2.61164874944199
0.7625290348928705
-0.4054879640358484
1.0252815585506792
-1.9716956529954728
-1.2736962624254429
-2.038064089702251
-0.15490780443945262
-1.128275886944356
-0.35214785322709763
0.7704708492329433
0.46153367655267896
1.2457989827564593
0.663280104474433
1.139720288975128
0.5753250736106268
-1.6532345884114954
0.08107546067243707
-0.04219571533929467
-0.6693407649272747
1.4114597697449889
-0.17834120846205778
0.005478383103640017
-1.2850110447306038
1.8502032894208913
-1.5877913464507694
1.0603732327457194
-0.5846155838143506
-0.3002106024007092
0.3001133719887126
-0.4700398748073198
-2.6662082906912326
-0.2728976304387567
-1.2480181104393837
1.5794983443105222
0.07583860282029087
0.8960162737320985
-0.143043583105083
-0.5723942858837059
-0.5431819267075095
0.10671661714663133
-0.8381860279374519
-0.6309084477616118
-0.1815707852511625
0.7835551095034791
-1.9636004386161825
-0.43283813582772845
-1.1908168002982948
-0.025399760988791154
-1.6596375196847009
0.403091912954998
-0.6654114552707748
0.7760550714667338
-0.28577658398694433
-0.4866155207202313
-0.6938604967406736
-2.2460968159250534
0.1564531973070319
0.2966250756034269
-1.7796915044073613
-0.32493787719741624
-0.49747997081262996
1.2171072774118452
1.0250390718209699
0.29919468039210206
1.3309092106713623
0.7314201167127103
0.6348153253207622
2.1966685406325364
-1.2673877225680832
-0.5529440176626723
-1.566575912106374
0.8065468013314897
-0.7726579963274967
0.38194288846398694
-1.847877467296587
0.5963934493501731
-1.1109047167054507
0.30040314414587455
-0.2039836853529074
0.482265964164574
0.49161643219606244
-0.29295503032516323
-0.09661406801504233
0.3646573567974666
-0.8397592250116287
-1.229533325157647
1.011497305478799
-1.2436860559505738
1.2230362709777403
-2.5032013862632367
0.49285660429689926
-0.25139407114715073
-0.29567815956487004
-0.5964537910980969
0.04040092710489632
0.5337020095940714
0.2041357170532258
-1.3724679103283832
-0.50262188435709
-1.2112469889778081
-0.40902159515602854
-0.3593356998965268
0.48097551167012653
1.465444989179267
1.4318855551353424
4.080595446612934
0.7536074007926367
2.802940693405268
0.7400355793219214
1.3122296954033748
-0.094724528066362
-0.4135621742600989
-2.0944898466716273
-2.29491576962229
-0.03580844925194415
0.03134459824256597
-0.17419800262286275
-1.557443557668298
-1.3498409208549274
-0.42203758600558516
-0.5120478173188924
-1.08826892464767
-0.6627381872177442
-0.6703222299286207
0.14182439225768523
0.7257903718631666
-0.35834521106571166
-0.2457279224918527
0.6835989559324387
-0.007054539634907771
0.5562376919159886
0.507581860676562
-1.873733663954231
1.0626685159385625
-0.8625628297338451
0.93011928768499
0.536860748320414
0.39470904451865346
1.262208536506598
-0.3389196651414734
0.20081316982859165
0.2399795280784773
-2.035832448209009
0.3601418288964141
-0.23222931353821763
1.3033358791230818
0.69183909138185
0.9188550193416805
1.0427576270011443
0.5812789414374545
-0.10370181520644389
1.2769867721500379
